0.0434
53529
27699834000
0.1142
58195
5739565000
0.0642
54600
2987001000
0.074
54762
2321097000
0.1232
42994
2255362000
0.1625
44007
2143756000
0.4008
33982
1270123000
0.4882
53634
1019760000
0.3172
55892
917550000
0.103
56475
865475000
0.3148
44169
799390000
0.8947
13320
780839065
0.4869
51186
545567000
0.2654
43481
483215000
0.3887
44249
477813000
0.4384
50683
476198000
0.6561
49588
463312942
0.3669
56576
448094636
0.5565
54924
406306000
0.6442
50282
390029000
0.32
57188
375584840
0.1367
58660
328567827
0.3413
19390
312161566
0.2956
44145
251550000
0.2842
23833
227742155
0.7641
50980
198679707
0.7585
30877
196403975
0.81
49188
181312578
0.2528
51466
178839344
0.5652
43607
176554000
0.6985
41976
161976205
0.6357
19732
160286687
0.5794
18469
158681964
0.137
56018
144364639
0.8965
42792
141808934
0.5711
49514
119325594
0.5934
18857
113343123
0.5131
43745
110406000
0.5482
44550
109371185
0.7142
44382
107158450
0.5459
19276
103336857
0.7084
44932
99830000
0.3164
13972
94266000
0.673
19146
94177288
0.648
46594
79618220
0.3927
18714
79351657
0.6748
40220
79062591
0.5269
18804
70262998
0.7828
34882
65618267
0.7366
36950
61089032
0.7233
19686
58900404
0.6325
40102
54171145
0.8226
19248
51220288
0.4758
47560
43277000
0.4781
18648
41283927
0.6856
18765
41117664
0.9119
19760
39079332
0.8503
51092
36150000
0.9134
46940
34649290
0.9217
19744
31289046
0.5332
30813
29213723
0.7528
19023
27123412
0.1304
21934
26706907
0.6167
19597
26288717
0.6712
25350
25717081
0.7892
25600
25271321
0.8071
19299
24993749
0.9994
36596
24729231
0.7081
36740
23586814
0.6272
44305
22837232
0.7817
48380
21044939
0.552
33570
20118049
0.6633
41182
19813990
0.8579
18682
17051531
0.6608
32950
16932104
0.8929
19422
15556172
0.7196
43292
13781000
0.7618
18880
13054142
0.77
18826
12542519
0.9033
46614
10324429
0.0511
13688
9494621
0.7621
18996
9246845
0.5231
31910
7514511
0.3722
33400
7380482
0.4945
35100
7129399
1
8500
6465237
0.9137
16592
3579106
0.6503
34950
3546882
0.8097
31600
2961235
0.8163
36190
1141829
0.5526
32346
682348
0.9514
10604
121700
1
9810
108103
0.1616
14030
75301
0.7286
27200
31063
0.4224
31846
27442
0.8929
12440
5000
